15.89495209964411
12.716898269296165
8.111728083308073
13.17365667179188
10.819778284410283
12.53457671250221
11.974960924566787
13.073573213234896
20.89761922409119
11.330603908176274
9.656627474604601
13.05938857824294
14.506659735861547
15.58746739989615
14.246293474056728
17.22675827547993
27.225556007820384
15.424948470398375
11.942171101743796
13.479038321343062
17.545212006598465
15.781623414337107
12.633783362585659
17.289278632461265
18.0152156358442
21.339451976370228
21.74491708447839
20.186772466431844
17.778826857779972
13.345506928718539
15.124843877948036
19.055559016388337
28.061804032021
9.72953424541269
17.059704190816763
10.031320924046012
13.9208710736221
22.555847300694722
15.76743877934515
18.32537056414804
14.78309458422598
19.288181311657087
16.36655701025682
20.764087831466668
13.738549516828146
11.107460356862065
14.510659741194893
17.545212006598465
11.107460356862065
11.176453228349015
10.860600278930539
18.08420850733115
15.648092021712584
16.831445538835784
12.684108446473173
21.83192846146802
18.931506367718356
13.515405965513937
19.33697147582652
6.907755278982137
13.364434938604058
10.596634733096073
10.257309427492453
11.107460356862065
15.89495209964411
13.295526996413518
20.664996928822436
17.632223383588094
20.253262207700676
11.250561200502737
7.450759801112363
16.533611094919987
12.859999112936837
15.32963829059405
27.294548879307335
16.474770594897052
14.508657738524219
20.253262207700676
12.98260143502917
12.454534004828673
12.507177738314095
16.87311823523635
13.027053197600004
16.985596218663044
12.206072645530174
19.219188440170136
11.640758836480114
6.907755278982137
13.122363377404328
12.206072645530174
10.319002996497794
22.383997043768062
12.859999112936837
13.553146293496782
18.0152156358442
13.65850680915461
15.424948470398375
12.206072645530174
14.954944841152638
16.13829835827584
12.206072645530174
17.4348639494296
16.022785471153995
11.330603908176274
12.454534004828673
12.206072645530174
21.108928317758394
16.454967967600872
21.74491708447839
11.37316352259507
13.553146293496782
20.795836529781248
19.11382792451231
13.073573213234896
16.223456166616145
12.636855561622628
13.636527902435834
13.9208710736221
13.553146293496782
14.73180128983843
13.227723893062155
18.238359187158412
15.088476233777161
17.632223383588094
13.073573213234896
15.935774094164366
21.234091460712403
6.907755278982137
17.832894079050245
14.48885511122804
12.429216196844383
14.026231589279927
12.507177738314095
10.070723471912041
22.383997043768062
15.712630542850155
15.593367122023338
15.817991058507982
18.4107304130992
14.924173182485886
13.345506928718539
22.689378693319245
16.304425229149814
15.781623414337107
8.408338786504155
12.940041820610373
23.536676553706446
11.86960040890896
11.990961265913228
12.429216196844383
18.607010322143857
17.890052492890195
19.241661296022194
12.333906017040059
18.643824295266576
15.162584205930884
16.87311823523635
14.73180128983843
11.055500617931353
18.982799662105908
16.268918540692905
12.429216196844383
13.122363377404328
15.01948336229021
14.845249982346008
13.284882306902103
18.7773556878911
11.107460356862065
11.512925464970229
12.557902204472429
18.0152156358442
4.605170185988091
10.349774655164547
9.944309547056383
16.050437002484504
12.206072645530174
9.808177372731803
23.025850929940457
16.85206482603852
18.32537056414804
17.167917775457
16.08659698389895
12.206072645530174
24.075673054439136
19.442331991484348
12.716898269296165
21.154048753038865
13.633189001170319
20.885784766444186
15.124843877948036
17.0096937702421
17.778826857779972
12.02375108873622
19.11382792451231
17.355970006959936
14.954944841152638
17.757992770877127
12.206072645530174
10.871071578797833
18.607010322143857
11.107460356862065
20.82862635260424
8.679712120914012
19.442331991484348
12.206072645530174
15.162584205930884
12.684108446473173
9.903487552536127
11.640758836480114
14.943139795702876
16.85206482603852
10.770988120240851
17.872559335442677
20.135479172044292
19.624653548278303
17.289278632461265
12.333906017040059
6.6926438993651916
20.253262207700676
13.227723893062155
17.832894079050245
20.839799653202363
13.479038321343062
12.0405582070526
12.206072645530174
16.533611094919987
14.326336181730264
16.715932651713942
19.499490405324295
12.289454254469225
16.190666343793154
9.10598035665194
9.944309547056383
22.032599156930175
17.72753356339242
14.967523623359499
10.936312100666235
17.632223383588094
12.429216196844383
23.7189981105004
18.80634322476435
12.716898269296165
17.778826857779972
22.1095601980663
11.736069016284437
13.122363377404328
15.201804919084164
22.07033948491302
14.075577463383082
19.847797099592512
13.479038321343062
15.088476233777161
20.3867936003252
10.770988120240851
16.96206572125285
18.238359187158412
12.206072645530174
13.72020037815995
15.24262691360442
12.454534004828673
17.50439001207821
17.391061326771208
14.063971917262773
12.289454254469225
9.498022444427964
16.87311823523635
14.82611196930967
14.793676693556517
16.022785471153995
18.32537056414804
8.804875263868018
12.206072645530174
18.32537056414804
12.507177738314095
22.33270374938051
15.871235573026794
16.34123920227253
22.283913585211078
16.96206572125285
13.966333447698858
21.614863956230195
22.689378693319245
13.345506928718539
13.522840944001453
20.135479172044292
16.831445538835784
14.246293474056728
12.166851932376892
10.742817243274155
6.907755278982137
14.431696697388091
17.196905312330248
20.317800728838247
22.383997043768062
13.17365667179188
12.206072645530174
12.206072645530174
27.770283183262055
11.608335649774887
12.429216196844383
14.508657738524219
6.907755278982137
20.921716775670248
19.11382792451231
8.740336742730447
18.931506367718356
18.0152156358442
13.450867444376364
10.770988120240851
11.01215017705774
20.46090157247892
12.991335114997925
12.09274396022317
23.82435862615823
15.10286497122926
19.499490405324295
12.206072645530174
9.903487552536127
10.177924398237888
12.38042603267495
13.943343929474159
16.548878567050775
23.536676553706446
11.190841965801114
17.58777162101726
11.50297513411706
13.9208710736221
11.417615285165903
6.0198640216296795
23.025850929940457
15.760421206686503
12.55138383081859
16.4057777234101
15.686313234532783
11.250561200502737
9.656627474604601
16.87099283592404
13.72020037815995
12.627667135568222
17.22675827547993
14.413347558719895
20.540944280152456
16.68021456911186
13.72020037815995
13.9208710736221
23.248994481254666
19.241661296022194
12.429216196844383
15.575771360132958
16.43280639579802
13.85841805897555
19.730014063936128
12.429216196844383
9.210340371976182
16.87311823523635
12.658629361172189
13.553146293496782
17.034386382832476
9.903487552536127
16.022785471153995
18.526041259610192
17.355970006959936
12.206072645530174
17.890052492890195
11.512925464970229
20.317800728838247
19.767754391918974
12.206072645530174
9.772459290129724
16.41920074374224
17.632223383588094
12.206072645530174
12.206072645530174
12.429216196844383
20.98463060108082
12.318122149338796
14.78309458422598
20.5001222856322
16.825341755897767
9.680344001221918
17.832894079050245
18.882716203548924
15.541482286654325
12.206072645530174
10.770988120240851
17.545212006598465
12.206072645530174
10.596634733096073
15.502910011868087
19.470502868451042
15.58746739989615
17.196905312330248
12.800279878235216
21.74491708447839
21.927238641272346
12.226275352847694
14.508657738524219
20.72326583694641
12.591735126342158
11.940636182025713
12.98260143502917
13.027053197600004
12.822258784953991
17.678743399222988
10.947611655920168
21.416413017506358
17.95067711470663
8.517193191416238
17.632223383588094
6.907755278982137
18.46150273847262
19.981328492217035
8.987196820661973
20.46090157247892
16.87311823523635
12.454534004828673
15.935774094164366
13.142566084721848
21.71751811029028
15.5303089860562
17.257529934146685
15.01948336229021
6.907755278982137
17.678743399222988
18.32537056414804
18.158316479484874
18.931506367718356
18.238359187158412
12.429216196844383
12.89921982609012
12.811208948767407
18.898716544895365
14.14401462493631
6.907755278982137
18.898716544895365
11.493122837674049
21.590766404651134
15.935774094164366
15.581602280443752
13.284882306902103
15.648092021712584
14.837161805496255
14.076875322098681
14.96436406306913
6.502290170873972
9.338173743486067
16.811242831518264
11.533128172287748
13.553146293496782
13.866803852351824
11.107460356862065
15.201804919084164
6.907755278982137
15.5303089860562
13.649996119486701
18.32537056414804
17.778826857779972
12.02375108873622
18.721785836736288
11.512925464970229
12.429216196844383
10.770988120240851
25.328436022934504
15.016587559178184
20.733316172799913
18.7773556878911
17.42742897094208
14.739329556259221
19.591863725455312
13.633189001170319
6.502290170873972
20.83867668845774
12.737100976613684
17.545212006598465
11.574800868688316
15.661303915684815
21.499794626445407
23.846831482010288
13.227723893062155
12.206072645530174
16.772022118364983
21.436615724823877
9.04482593349861
12.429216196844383
17.545212006598465
11.564218759357779
10.982297213908058
19.07460721135903
10.073090336922307
11.107460356862065
14.837161805496255
6.907755278982137
17.46516929892493
14.271216882509185
12.652359748158593
13.416734438006907
19.175703328230398
17.678743399222988
9.267969484812818
8.421883011611913
23.025850929940457
12.429216196844383
16.75297392339429
19.624653548278303
22.555847300694722
12.206072645530174
12.98260143502917
18.246727436828927
21.303084332199354
13.07119509082993
18.791744425343197
10.770988120240851
12.995730726470963
13.709350362135883
16.13829835827584
10.4482147279778
14.319691639011596
11.347411026492654
17.1397468984903
14.868193914743983
17.034386382832476
15.32963829059405
11.250561200502737
18.420680743952367
12.454534004828673
13.284882306902103
11.974960924566787
17.545212006598465
12.429216196844383
9.171119658822901
20.540944280152456
12.429216196844383
10.770988120240851
11.042921835724492
12.53457671250221
16.16938894534587
13.345506928718539
10.596634733096073
18.526041259610192
18.643824295266576
11.068239643708782
12.940041820610373
11.574800868688316
11.176453228349015
22.689378693319245
14.172185501903007
16.811242831518264
14.614018254182046
12.206072645530174
19.981328492217035
17.632223383588094
13.41004544985611
22.383997043768062
15.712630542850155
21.894448818449355
18.440883451269883
11.897118437802852
14.208553146073882
14.450388830400243
19.241661296022194
10.819778284410283
12.830813793426058
12.206072645530174
10.982297213908058
13.567869535049677
15.712630542850155
12.206072645530174
12.429216196844383
14.20117303877626
9.210340371976182
18.420680743952367
11.330603908176274
22.032599156930175
11.107460356862065
13.553146293496782
19.624653548278303
15.424948470398375
18.238359187158412
13.345506928718539
13.72020037815995
11.512925464970229
11.736069016284437
11.330603908176274
9.210340371976182
12.206072645530174
10.770988120240851
12.289454254469225
9.315700887634009
12.859999112936837
20.46090157247892
11.250561200502737
6.907755278982137
12.206072645530174
11.81403055775415
11.426747768729175
8.06293791913864
10.839980991727803
13.845969765448983
16.292449038103097
9.903487552536127
17.95067711470663
20.317800728838247
13.9208710736221
12.206072645530174
15.35728982192456
14.954944841152638
18.526041259610192
18.32537056414804
17.678743399222988
16.11809565095832
11.761386824268728
17.757992770877127
11.52297580082373
11.220255851007408
11.330603908176274
16.379460415092726
13.815510557964274
11.974960924566787
8.87386813535497
19.499490405324295
18.80634322476435
13.073573213234896
21.927238641272346
8.987196820661973
13.345506928718539
12.02375108873622
23.025850929940457
16.93907620302815
9.028018815182229
12.429216196844383
17.46516929892493
17.72753356339242
11.250561200502737
12.785891140783116
19.470502868451042
23.67977739734712
12.356895535264757
19.981328492217035
7.706262975199909
11.107460356862065
20.081411950774015
16.772022118364983
23.006048302644277
23.942141661814613
12.429216196844383
18.735391488792065
13.464853686351105
16.022785471153995
19.175703328230398
12.822258784953991
13.479038321343062
18.158316479484874
15.01948336229021
17.085679677220025
12.429216196844383
9.903487552536127
15.424948470398375
16.316546589682158
17.95067711470663
12.110762465725848
19.154649919032565
15.476241764785925
21.590766404651134
17.034386382832476
21.02437092973033
14.793676693556517
12.429216196844383
9.338173743486067
18.32537056414804
12.89921982609012
13.515405965513937
11.176453228349015
11.417615285165903
21.71751811029028
12.750799820971846
12.454534004828673
20.72326583694641
14.570533142242306
14.48885511122804
6.907755278982137
13.227723893062155
9.210340371976182
17.816364777099036
18.0152156358442
21.927238641272346
12.289454254469225
15.712630542850155
23.55348367202283
15.424948470398375
9.396669950167675
15.307165434741991
15.569974242448632
14.026231589279927
18.0152156358442
17.832894079050245
14.326336181730264
14.326336181730264
10.596634733096073
9.210340371976182
7.293417759794122
16.548878567050775
16.90775373189911
12.53457671250221
13.345506928718539
17.391061326771208
13.592367006650065
13.339276378967902
21.894448818449355
15.424948470398375
8.180720954795024
21.28538475509995
15.05338491396589
14.343143300046647
11.330603908176274
16.34123920227253
6.907755278982137
14.11122480211332
12.429216196844383
17.50439001207821
17.1397468984903
12.186270018233994
20.030118656386467
12.429216196844383
13.339276378967902
13.227723893062155
25.759218939026958
11.250561200502737
15.58746739989615
15.424948470398375
20.627955657142085
11.107460356862065
10.596634733096073
17.257529934146685
17.46516929892493
22.032599156930175
14.839943448458133
18.32537056414804
12.429216196844383
18.931506367718356
17.1397468984903
12.89921982609012
10.92513880006811
12.267948049248261
11.81403055775415
18.420680743952367
9.210340371976182
19.847797099592512
18.420680743952367
10.770988120240851
17.50439001207821
11.736069016284437
21.521773533164183
7.749402467860526
12.429216196844383
9.903487552536127
13.479038321343062
10.629157924801634
14.659480628258803
13.815510557964274
14.14401462493631
12.429216196844383
13.073573213234896
10.770988120240851
10.988196936035246
21.234091460712403
12.206072645530174
15.01948336229021
13.845969765448983
10.541389258870094
13.284882306902103
20.135479172044292
15.01948336229021
9.498022444427964
13.85633255248453
13.479038321343062
12.429216196844383
6.907755278982137
10.819778284410283
17.167917775457
21.996231512759298
21.03797658178611
16.48915933234915
16.85206482603852
17.289278632461265
20.540944280152456
12.429216196844383
8.274247012805848
8.149083869851841
14.48885511122804
12.429216196844383
12.206072645530174
13.815510557964274
17.778826857779972
17.42742897094208
13.633189001170319
16.179971054676408
15.648092021712584
12.0576526404119
24.495526899999398
9.903487552536127
16.831445538835784
21.339451976370228
12.652359748158593
16.93907620302815
11.512925464970229
11.250561200502737
14.450388830400243
14.865332682462952
9.190537744680002
13.633189001170319
12.940041820610373
10.770988120240851
18.143049007354087
12.0576526404119
20.921716775670248
18.08420850733115
10.770988120240851
15.376158306228943
13.073573213234896
12.311433161188
10.319002996497794
11.347411026492654
21.21756215876119
21.28538475509995
18.0152156358442
8.709565084063694
14.494754833355227
10.770988120240851
18.238359187158412
22.33270374938051
9.210340371976182
11.454656556846253
13.41004544985611
10.596634733096073
15.732833250167674
19.11382792451231
6.214608098422191
21.639556568820566
24.635288842374557
12.429216196844383
12.652359748158593
11.281020407987446
22.283913585211078
12.477881368825665
12.206072645530174
10.596634733096073
16.662822826399992
19.055559016388337
26.53240882726044
17.22675827547993
18.420680743952367
19.219188440170136
10.770988120240851
18.631401775268017
16.580131110554877
15.648092021712584
20.94640938826062
17.322068455284256
10.349774655164547
25.685110966873236
12.333906017040059
13.815510557964274
10.770988120240851
9.567015315914915
10.231991619508165
8.016417903503749
11.417615285165903
13.72020037815995
20.135479172044292
11.800607537422009
14.326336181730264
19.09598800638398
16.474770594897052
13.122363377404328
12.206072645530174
20.030118656386467
21.69084986320812
14.865332682462952
13.60039917834733
15.547116104372583
12.186270018233994
13.70218187265727
24.740649358032382
9.581404053367015
10.84100192086191
10.770988120240851
13.815510557964274
12.206072645530174
20.46090157247892
13.027053197600004
20.540944280152456
20.030118656386467
16.96206572125285
9.190537744680002
15.39538966815683
16.316546589682158
16.09829302366214
19.018517744707985
12.02375108873622
12.02375108873622
11.574800868688316
14.564170448454478
11.585496157805064
15.124843877948036
10.42436351215562
17.778826857779972
22.96758202181648
11.107460356862065
19.219188440170136
12.333906017040059
12.429216196844383
6.907755278982137
11.86960040890896
19.499490405324295
15.405145843102195
12.166851932376892
9.721165995742174
12.096321781571055
14.377629476117816
22.495222678878285
12.961095229808206
10.724468104605958
20.72326583694641
12.534298973297537
22.948889888804327
12.750799820971846
8.772085441045027
12.582076043488719
20.3867936003252
11.50297513411706
18.420680743952367
12.480509491231935
20.82862635260424
12.822258784953991
11.748647798491298
15.47099240889978
18.32537056414804
19.529343368473977
18.931506367718356
18.420680743952367
16.715932651713942
13.815510557964274
14.450388830400243
12.071541752572568
22.150382192586555
19.591863725455312
15.781623414337107
10.819778284410283
9.210340371976182
11.904487667909402
15.5303089860562
19.11382792451231
6.907755278982137
14.431696697388091
11.305911295585902
22.33270374938051
12.206072645530174
19.442331991484348
21.416413017506358
13.122363377404328
6.907755278982137
10.596634733096073
14.508657738524219
9.028018815182229
16.474770594897052
17.11234792430219
10.982297213908058
14.954944841152638
18.514991423423606
15.361973671236987
13.17365667179188
13.087961950686996
20.627955657142085
17.257529934146685
26.244726754808656
17.890052492890195
15.648092021712584
12.602974522977851
12.02375108873622
21.377192304353073
19.219188440170136
17.832894079050245
11.974960924566787
12.480509491231935
17.059704190816763
11.37316352259507
8.584401941109688
17.832894079050245
14.683011125668997
9.721165995742174
15.088476233777161
14.954944841152638
11.289781913656018
13.17365667179188
15.01948336229021
14.549479733044475
12.937544940411787
12.429216196844383
18.763171052899143
11.398704320880205
17.95067711470663
18.7491848109244
22.032599156930175
24.075673054439136
13.633189001170319
12.054210296220928
13.027053197600004
20.94640938826062
11.250561200502737
17.778826857779972
20.135479172044292
12.333906017040059
16.985596218663044
18.158316479484874
13.073573213234896
16.148554858443028
12.206072645530174
21.339451976370228
14.026231589279927
9.210340371976182
10.770988120240851
11.652187532303737
12.206072645530174
13.825560893817775
9.721165995742174
16.43280639579802
12.507177738314095
12.454534004828673
17.95067711470663
13.112413046551161
15.088476233777161
12.429216196844383
7.485789652441578
21.639556568820566
11.81403055775415
14.73180128983843
16.548878567050775
12.206072645530174
13.255894770028851
18.0152156358442
14.326336181730264
14.659480628258803
19.624653548278303
21.894448818449355
10.27455123392696
12.429216196844383
11.21282087251989
14.837161805496255
15.746532094525836
18.898716544895365
19.847797099592512
27.10039286486638
19.154649919032565
11.417615285165903
11.417615285165903
13.122363377404328
20.135479172044292
19.529343368473977
13.815510557964274
15.719319531000952
20.030118656386467
12.915349208020002
11.512925464970229
19.055559016388337
14.78309458422598
11.176453228349015
19.33697147582652
18.32537056414804
21.894448818449355
14.413347558719895
6.907755278982137
14.266496181374247
12.89921982609012
12.206072645530174
12.206072645530174
15.775925393222469
12.750799820971846
15.85573138649083
10.770988120240851
20.885784766444186
14.724329274999729
12.206072645530174
16.272413011342678
13.36954350654678
13.073573213234896
15.85573138649083
16.62892127472431
19.33697147582652
12.02375108873622
11.22459360367695
13.553146293496782
11.107460356862065
14.59203934746327
11.708940348896185
14.549479733044475
13.663648208655028
18.430731079805867
12.562747589468906
12.454534004828673
20.030118656386467
6.502290170873972
11.399596779663225
10.008848068193954
17.778826857779972
12.591735126342158
17.72753356339242
16.87311823523635
11.198114725130194
12.621588089491839
13.073573213234896
12.304788618469331
12.0576526404119
10.352904548173475
21.051769903918448
13.633189001170319
17.81091517233147
18.0152156358442
16.11809565095832
20.135479172044292
15.935774094164366
21.234091460712403
12.750799820971846
20.135479172044292
12.785891140783116
12.859999112936837
6.907755278982137
14.103192630416055
13.17365667179188
24.04750217747244
14.871063357171936
15.935774094164366
14.089947403666034
14.457964624208701
17.832894079050245
12.764688933132513
13.825560893817775
15.699385316100134
15.01948336229021
13.76576846606946
17.545212006598465
14.865332682462952
9.681945282588892
14.508657738524219
16.916603347176093
16.25735771829183
16.379460415092726
16.280614580456096
14.431696697388091
10.770988120240851
12.652359748158593
16.280614580456096
19.38826477021407
11.736069016284437
17.832894079050245
17.95067711470663
12.206072645530174
13.72020037815995
12.206072645530174
10.819778284410283
10.770988120240851
12.454534004828673
9.210340371976182
12.480509491231935
12.98260143502917
15.05338491396589
16.292449038103097
11.330603908176274
13.073573213234896
15.58746739989615
15.712630542850155
18.0152156358442
14.614018254182046
18.504062352891417
19.41493301729623
12.007221786785008
18.85146366004482
9.656627474604601
10.169538604861614
11.250561200502737
18.158316479484874
20.74346854426393
7.8596731884994435
14.78309458422598
14.326336181730264
15.424948470398375
9.210340371976182
16.07887493780504
19.529343368473977
19.13403063182983
13.17365667179188
10.914088963881523
12.206072645530174
13.9208710736221
13.027053197600004
10.92513880006811
14.261797660592693
16.223456166616145
13.122363377404328
13.932044374220226
12.206072645530174
15.162584205930884
17.085679677220025
19.591863725455312
21.303084332199354
10.819778284410283
10.596634733096073
24.635288842374557
14.309806879779053
10.596634733096073
20.317800728838247
11.74359728270523
10.770988120240851
6.907755278982137
12.147803737406198
17.196905312330248
12.206072645530174
14.116615650748196
14.614018254182046
16.580131110554877
18.96540791939404
12.429216196844383
11.88398914636106
10.819778284410283
13.250196748914213
15.201804919084164
20.627955657142085
14.377629476117816
19.806975105072254
10.770988120240851
14.73180128983843
12.206072645530174
14.326336181730264
10.92513880006811
13.633189001170319
16.022785471153995
18.682045508086773
12.868496653447279
6.907755278982137
8.542510999400527
13.479038321343062
8.927419616626112
12.206072645530174
10.48330604778907
22.33270374938051
10.819778284410283
16.11809565095832
13.464853686351105
20.192637585884242
20.540944280152456
15.85573138649083
12.206072645530174
15.05338491396589
15.886983929994933
12.429216196844383
14.261797660592693
15.441077852328258
17.049500020642522
14.528860445841739
20.46090157247892
13.845969765448983
14.277546017560832
12.591735126342158
15.24262691360442
12.822258784953991
22.763486665472964
12.02375108873622
6.907755278982137
16.022785471153995
12.09274396022317
18.420680743952367
21.927238641272346
16.548878567050775
12.02375108873622
15.307165434741991
19.03686688337618
11.928440908931893
28.193140034082088
11.674268615378992
19.09402529721613
16.474770594897052
16.460585959905096
12.612538253971922
19.890356714011308
11.185782323637534
15.376158306228943
18.32537056414804
10.349774655164547
15.01948336229021
18.32537056414804
17.085679677220025
12.206072645530174
12.206072645530174
14.924173182485886
10.234773262470041
12.833432085552117
13.72020037815995
14.450388830400243
14.587917419509852
21.416413017506358
11.107460356862065
8.262550973042657
15.58746739989615
9.99779823200737
8.804875263868018
9.210340371976182
15.44924116296742
13.122363377404328
12.944217192020854
10.596634733096073
11.250561200502737
17.085679677220025
9.210340371976182
16.4057777234101
8.040959012419865
19.56011502714073
19.624653548278303
12.121731497096423
17.95067711470663
15.85573138649083
14.293546358907275
20.72326583694641
27.225556007820384
12.859999112936837
21.416413017506358
21.396610390210178
19.981328492217035
10.680016342035124
12.206072645530174
20.806647445885464
16.548878567050775
17.355970006959936
11.800607537422009
12.311433161188
10.724468104605958
12.684108446473173
19.93480847658214
6.907755278982137
18.931506367718356
13.479038321343062
22.689378693319245
10.770988120240851
16.734281790382138
13.027053197600004
12.206072645530174
15.712630542850155
14.244756194737842
12.621588089491839
6.907755278982137
14.707108677248058
9.210340371976182
16.75297392339429
12.206072645530174
12.89921982609012
21.83192846146802
12.206072645530174
18.46150273847262
6.907755278982137
12.206072645530174
15.298315819465008
15.01948336229021
11.736069016284437
11.107460356862065
19.000499239205308
10.319002996497794
14.413347558719895
10.947611655920168
12.206072645530174
7.633425651247642
11.497052115813938
25.23312584313018
15.648092021712584
18.420680743952367
11.250561200502737
22.555847300694722
13.479038321343062
17.034386382832476
22.843529373146502
9.625855815937848
15.935774094164366
12.454534004828673
18.39112194171082
13.553146293496782
15.712630542850155
14.645623593597376
10.724468104605958
12.591735126342158
14.856797780013114
13.9208710736221
11.081143048544691
14.954944841152638
20.253262207700676
21.74491708447839
16.715932651713942
12.684108446473173
20.94640938826062
12.429216196844383
16.179971054676408
14.614018254182046
12.25442290647122
15.366679562274399
21.108928317758394
16.533611094919987
16.62892127472431
14.837161805496255
9.210340371976182
8.563237129917644
22.1095601980663
12.333906017040059
21.927238641272346
19.470502868451042
19.730014063936128
9.210340371976182
11.898587945782213
17.890052492890195
16.87311823523635
19.56011502714073
11.512925464970229
20.46090157247892
13.553146293496782
22.85189762281702
17.72753356339242
13.866803852351824
11.675444394468004
15.5303089860562
9.903487552536127
14.431696697388091
23.224301868664295
14.038654109278484
17.72753356339242
12.206072645530174
6.907755278982137
18.420680743952367
11.250561200502737
12.684108446473173
15.935774094164366
19.33697147582652
17.832894079050245
10.780557571257003
12.206072645530174
19.624653548278303
12.206072645530174
14.130221302803974
13.815510557964274
20.135479172044292
12.859999112936837
13.633189001170319
16.791440204222084
10.596634733096073
26.53240882726044
20.540944280152456
12.206072645530174
11.336454321854449
16.11809565095832
20.627955657142085
11.250561200502737
15.547116104372583
11.990961265913228
13.479038321343062
8.595154732885948
19.175703328230398
17.391061326771208
21.416413017506358
10.819778284410283
13.862602165498124
25.06607175846701
20.94640938826062
24.298816605753345
11.176453228349015
17.034386382832476
13.17365667179188
15.58746739989615
15.10214059597122
12.206072645530174
11.959212567598648
16.985596218663044
7.148553765535068
13.227723893062155
18.238359187158412
18.0152156358442
15.01948336229021
12.147803737406198
16.059826742834343
9.210340371976182
12.429216196844383
11.943708381062683
15.660670803919444
16.43280639579802
15.124843877948036
11.663748354704811
17.1397468984903
18.420680743952367
10.770988120240851
13.073573213234896
20.192637585884242
19.018517744707985
12.676076274775909
16.811242831518264
13.641557250840837
20.540944280152456
23.942141661814613
15.611278048589869
14.78309458422598
12.206072645530174
21.77308796144509
12.429216196844383
6.529318843261892
13.815510557964274
16.158917645478574
19.624653548278303
11.227746522736567
20.89761922409119
11.408565449645986
12.733705387612545
15.712630542850155
10.770988120240851
22.032599156930175
14.528860445841739
12.441794979051243
14.360237733405945
15.088476233777161
15.429961012221918
12.507177738314095
15.33419410712991
11.250561200502737
11.305911295585902
19.288181311657087
9.72283405284287
12.429216196844383
12.110762465725848
18.0152156358442
11.250561200502737
11.974960924566787
12.684108446473173
12.750799820971846
12.621588089491839
19.767754391918974
10.770988120240851
18.158316479484874
20.909595415137904
8.202382451576204
14.051232891485343
12.206072645530174
21.80207549831834
9.315700887634009
18.643824295266576
10.770988120240851
12.206072645530174
15.476241764785925
20.060577863871174
26.53240882726044
16.304425229149814
11.417615285165903
12.429216196844383
18.32537056414804
14.894320219336205
14.450388830400243
17.46516929892493
14.431696697388091
11.262166746623045
21.639556568820566
11.323793816247724
7.768138378917996
21.45723501202661
6.907755278982137
22.237393569576188
21.927238641272346
14.326336181730264
12.429216196844383
16.11809565095832
19.890356714011308
12.785891140783116
12.716898269296165
17.545212006598465
11.761386824268728
13.633189001170319
14.809762831308142
16.022785471153995
19.806975105072254
13.35492615063503
19.591863725455312
11.512925464970229
15.673409829696874
17.545212006598465
16.25735771829183
16.548878567050775
23.89335149764518
15.01948336229021
12.414081309260114
17.257529934146685
8.377431249041079
16.518573217555446
21.234091460712403
17.46516929892493
11.141361908537746
17.72753356339242
21.96114019294803
16.811242831518264
15.85573138649083
14.809762831308142
11.107460356862065
20.795836529781248
11.574800868688316
12.129111604394046
21.590766404651134
19.175703328230398
19.981328492217035
12.716898269296165
20.89761922409119
11.305911295585902
20.71331550609324
13.323256319783718
11.86960040890896
12.206072645530174
17.678743399222988
15.263680322802252
12.110762465725848
6.907755278982137
14.395329053217216
10.42436351215562
11.042921835724492
16.62892127472431
12.429216196844383
17.632223383588094
18.931506367718356
13.9208710736221
18.631401775268017
11.632723028425824
11.330603908176274
15.781623414337107
23.165112997273965
11.628336316481557
10.73819829741786
6.214608098422191
20.909595415137904
12.684108446473173
9.721165995742174
12.429216196844383
12.429216196844383
11.250561200502737
15.5303089860562
10.770988120240851
18.420680743952367
16.11809565095832
20.94640938826062
19.33697147582652
20.3867936003252
16.791440204222084
12.02375108873622
12.069620522394674
17.059704190816763
18.420680743952367
7.600902459542082
24.335184249924218
24.68658213676211
16.69791414621126
19.806975105072254
12.89921982609012
17.832894079050245
12.206072645530174
6.907755278982137
12.991335114997925
23.38252587387919
16.11809565095832
9.484777217677943
13.561643834007224
10.48330604778907
13.41004544985611
9.903487552536127
11.974960924566787
22.620385821832294
12.591735126342158
12.429216196844383
15.654361634726179
9.210340371976182
11.224743517476796
16.292449038103097
19.470502868451042
13.437074122244029
17.4348639494296
11.974960924566787
12.206072645530174
21.927238641272346
16.004766965651317
13.87738596168236
12.562747589468906
10.101938491259967
20.192637585884242
15.222007626401684
11.042921835724492
19.19720953345136
10.596634733096073
12.84473164080605
9.210340371976182
15.5303089860562
7.706262975199909
12.53457671250221
11.974960924566787
7.207509932668187
6.907755278982137
14.326336181730264
13.019806789079237
17.832894079050245
20.030118656386467
11.250561200502737
13.124866507622448
22.150382192586555
18.514991423423606
16.148554858443028
15.450266278382664
15.89495209964411
14.001840136155767
19.499490405324295
16.280614580456096
12.206072645530174
11.042921835724492
20.253262207700676
9.641123288068638
15.01948336229021
11.72611868543127
20.135479172044292
10.519673691959945
12.507177738314095
11.512925464970229
12.129111604394046
18.643824295266576
18.420680743952367
11.250561200502737
9.315700887634009
12.429216196844383
20.82862635260424
12.129111604394046
21.96114019294803
12.226275352847694
15.712630542850155
23.82435862615823
18.238359187158412
14.089947403666034
13.122363377404328
11.176453228349015
11.585496157805064
13.30268693153561
23.536676553706446
20.317800728838247
15.24262691360442
15.32963829059405
13.227723893062155
9.641123288068638
15.01948336229021
15.088476233777161
18.238359187158412
16.16938894534587
12.02375108873622
21.69084986320812
15.476241764785925
15.952581212480746
13.227723893062155
12.07504438312377
16.62892127472431
12.110762465725848
9.210340371976182
23.368341238887233
6.907755278982137
11.176453228349015
7.523941418405954
11.82763620980993
20.97172719624491
12.206072645530174
17.46516929892493
9.498022444427964
20.627955657142085
10.557414019942792
19.890356714011308
12.206072645530174
21.065756145893186
21.35814410938238
13.72020037815995
14.73180128983843
16.316546589682158
13.608496388579947
18.821158310549492
15.095644723255774
11.82763620980993
19.38826477021407
8.831903936255937
17.832894079050245
14.60958365711418
11.176453228349015
7.74016452687559
13.064566278678113
20.317800728838247
21.416413017506358
18.763171052899143
12.1784574784972
22.763486665472964
17.32875744343505
18.238359187158412
17.678743399222988
16.11809565095832
14.614018254182046
16.85206482603852
16.12814598681182
16.050437002484504
8.804875263868018
15.084911167612665
19.730014063936128
20.253262207700676
17.832894079050245
12.429216196844383
14.924173182485886
19.658555099953983
14.614018254182046
15.376158306228943
11.512925464970229
12.206072645530174
15.673409829696874
23.7189981105004
17.034386382832476
24.635288842374557
18.94831348603474
19.470502868451042
12.289454254469225
17.034386382832476
12.045655924124269
22.843529373146502
11.974960924566787
16.11809565095832
16.831445538835784
18.735391488792065
12.429216196844383
9.758521782285943
14.570533142242306
13.41004544985611
10.770988120240851
9.903487552536127
12.007221786785008
9.210340371976182
9.458801731274683
11.52297580082373
23.131211445598282
15.692827915553975
18.451139951437074
22.032599156930175
11.049191448738089
9.408791310700021
9.210340371976182
12.206072645530174
12.289454254469225
22.032599156930175
10.724468104605958
11.913403031567354
15.476241764785925
18.420680743952367
13.9208710736221
14.724329274999729
14.103192630416055
9.903487552536127
13.747851909490459
19.175703328230398
13.284882306902103
15.05338491396589
18.643824295266576
9.210340371976182
22.33270374938051
18.526041259610192
14.39176398705272
15.911081481573994
12.206072645530174
9.923690259853647
19.767754391918974
19.487794365561104
12.591735126342158
15.162584205930884
14.81790398889184
13.835713265281793
14.326336181730264
19.69364641976525
22.689378693319245
21.590766404651134
23.025850929940457
23.025850929940457
12.783038071800709
20.317800728838247
22.1095601980663
6.907755278982137
15.732833250167674
14.293546358907275
19.36228928381081
7.706262975199909
19.658555099953983
6.907755278982137
13.41004544985611
12.562747589468906
16.69791414621126
14.659480628258803
7.706262975199909
10.18135131605057
13.966333447698858
9.5727459906239
17.778826857779972
11.81403055775415
16.62892127472431
13.479038321343062
14.215988124561399
23.587969848093998
12.246894640050428
6.502290170873972
18.866967846580785
10.982297213908058
14.484941211906904
10.151948911834628
13.479038321343062
14.98669353946722
22.689378693319245
23.06667292446071
24.635288842374557
13.21667405687557
17.545212006598465
12.147803737406198
17.72753356339242
12.186270018233994
16.96206572125285
19.07460721135903
12.53457671250221
11.107460356862065
17.391061326771208
15.5303089860562
14.413347558719895
12.236531853014883
14.98669353946722
14.549479733044475
13.122363377404328
12.226275352847694
11.250561200502737
15.01948336229021
6.907755278982137
19.19720953345136
10.819778284410283
22.33270374938051
17.50439001207821
20.030118656386467
19.11382792451231
11.250561200502737
17.257529934146685
19.33697147582652
13.815510557964274
15.5303089860562
11.928440908931893
6.907755278982137
9.220390707829685
14.431696697388091
15.935774094164366
11.281020407987446
17.46516929892493
10.770988120240851
11.512925464970229
13.72020037815995
12.940041820610373
15.209837090781429
15.376158306228943
11.417615285165903
13.553146293496782
12.226275352847694
15.32963829059405
15.385727757245093
11.281020407987446
14.508657738524219
12.206072645530174
12.206072645530174
11.330603908176274
13.073573213234896
11.107460356862065
17.72753356339242
21.436615724823877
19.624653548278303
15.712630542850155
16.280614580456096
21.154048753038865
15.088476233777161
14.215988124561399
13.41004544985611
11.663748354704811
11.607236144441469
11.940636182025713
14.924173182485886
12.429216196844383
11.176453228349015
19.767754391918974
12.89921982609012
21.69084986320812
7.921107723699423
23.802379719439454
12.206072645530174
14.757119097822718
11.618285980628055
12.89921982609012
12.147803737406198
15.079587286359915
11.512925464970229
11.042921835724492
12.12357142401843
15.781623414337107
21.416413017506358
12.206072645530174
15.788791903815719
18.238359187158412
17.72254602188138
10.257309427492453
12.206072645530174
16.548878567050775
12.206072645530174
9.12416267573513
19.154649919032565
15.05338491396589
15.667020031598103
18.7773556878911
12.206072645530174
6.907755278982137
12.0576526404119
24.922970914826337
12.429216196844383
18.7773556878911
14.636491110034104
23.025850929940457
14.865332682462952
12.02375108873622
18.7491848109244
16.734281790382138
11.86960040890896
15.201804919084164
13.9208710736221
12.02375108873622
13.815510557964274
9.210340371976182
19.470502868451042
14.73180128983843
21.927238641272346
10.770988120240851
15.450266278382664
21.639556568820566
7.706262975199909
9.261633666363734
17.50439001207821
12.206072645530174
12.833432085552117
19.13403063182983
13.943343929474159
14.939440654616673
19.981328492217035
14.528860445841739
12.429216196844383
16.90775373189911
19.93480847658214
8.679712120914012
17.167917775457
20.081411950774015
18.32537056414804
19.591863725455312
15.405145843102195
9.498022444427964
20.94640938826062
19.38826477021407
13.60039917834733
13.72020037815995
7.236259345954173
26.021583203494448
12.624622993186993
11.464135300800796
15.01948336229021
15.58746739989615
14.001840136155767
11.512925464970229
10.596634733096073
20.253262207700676
19.442331991484348
10.871071578797833
12.912507720417054
14.395329053217216
9.210340371976182
10.126631103850338
15.01948336229021
14.570533142242306
12.429216196844383
11.250561200502737
9.210340371976182
12.206072645530174
13.815510557964274
28.061804032021
18.85146366004482
19.154649919032565
12.441794979051243
11.607236144441469
13.345506928718539
12.454534004828673
14.939440654616673
25.328436022934504
11.281020407987446
10.680016342035124
11.855415773917004
10.596634733096073
14.707108677248058
10.729023921141819
11.711376403694066
12.429216196844383
12.206072645530174
22.689378693319245
20.98463060108082
20.94640938826062
19.38826477021407
8.746606355744042
12.429216196844383
19.624653548278303
15.667020031598103
20.3867936003252
19.847797099592512
17.778826857779972
20.46090157247892
21.71751811029028
17.778826857779972
10.349774655164547
9.372859301473957
12.53457671250221
15.01948336229021
11.169335760580152
17.257529934146685
21.079940780885142
19.806975105072254
9.210340371976182
19.96246000791265
13.122363377404328
14.734304420056548
6.907755278982137
10.596634733096073
23.025850929940457
12.38042603267495
14.186574239355107
12.379949955541464
14.116615650748196
13.261625444737836
11.74359728270523
9.10598035665194
16.12814598681182
18.682045508086773
14.865332682462952
20.627955657142085
16.87311823523635
21.96114019294803
21.83192846146802
14.158000866911049
16.87311823523635
19.56011502714073
18.32537056414804
11.176453228349015
13.345506928718539
12.206072645530174
10.724468104605958
25.39031142665259
8.987196820661973
13.064566278678113
16.223456166616145
13.866803852351824
19.591863725455312
13.450867444376364
14.159410310414284
10.5847061622308
9.210340371976182
11.281020407987446
6.907755278982137
13.72020037815995
13.667090552846
26.937873935368604
12.356895535264757
18.982799662105908
20.72326583694641
20.99770268264817
7.264430222920869
12.206072645530174
14.939440654616673
10.845096092394574
19.591863725455312
12.621588089491839
15.424948470398375
10.770988120240851
12.800279878235216
16.75297392339429
8.709565084063694
18.08420850733115
19.11382792451231
18.607010322143857
19.11382792451231
18.643824295266576
12.206072645530174
15.162584205930884
14.246293474056728
20.627955657142085
6.907755278982137
10.596634733096073
12.716898269296165
14.48885511122804
12.38042603267495
19.09402529721613
11.39070783224598
13.122363377404328
20.627955657142085
19.13403063182983
10.41431317630212
18.695117589654124
13.633189001170319
12.112582302442835
18.7773556878911
18.0152156358442
10.596634733096073
16.190666343793154
17.553580256268983
14.103192630416055
14.851148047470994
23.025850929940457
9.315700887634009
12.38042603267495
11.042921835724492
15.162584205930884
21.499794626445407
10.596634733096073
20.3867936003252
19.33697147582652
7.4524824544238095
12.940041820610373
13.227723893062155
13.553146293496782
12.896423738788117
18.7773556878911
19.000499239205308
22.33270374938051
13.943343929474159
14.73180128983843
17.545212006598465
10.41431317630212
17.778826857779972
16.022785471153995
16.68021456911186
14.78046646181971
17.391061326771208
12.424228655333344
12.562747589468906
14.158000866911049
14.977062646406258
23.7189981105004
22.43806426503834
12.716898269296165
14.924173182485886
21.154048753038865
12.02375108873622
12.333906017040059
12.206072645530174
17.289278632461265
7.902007552326004
13.127375919227873
20.94640938826062
12.206072645530174
19.69364641976525
11.330603908176274
12.562747589468906
12.404523584254012
20.135479172044292
9.210340371976182
20.186772466431844
23.942141661814613
16.446599717930354
23.605669425193398
12.429216196844383
11.107460356862065
14.549479733044475
16.34123920227253
12.206072645530174
11.512925464970229
12.621588089491839
17.778826857779972
6.907755278982137
14.528860445841739
11.687278852115005
15.05338491396589
19.658555099953983
12.429216196844383
10.596634733096073
13.9208710736221
20.317800728838247
17.059704190816763
20.192637585884242
14.865332682462952
11.512925464970229
8.902855672228222
19.38826477021407
12.750799820971846
15.361973671236987
6.907755278982137
15.712630542850155
13.592367006650065
16.533611094919987
14.026231589279927
19.470502868451042
14.368895796149062
12.429216196844383
12.206072645530174
17.322068455284256
14.450388830400243
10.770988120240851
17.391061326771208
21.499794626445407
17.085679677220025
23.025850929940457
7.986564940354067
11.330603908176274
13.479038321343062
21.267993012388082
15.01948336229021
10.770988120240851
11.81403055775415
20.030118656386467
15.58746739989615
15.58746739989615
12.429216196844383
17.95067711470663
13.766720393794841
13.845969765448983
11.417615285165903
12.89921982609012
13.9208710736221
9.210340371976182
16.280614580456096
12.53457671250221
9.40635525590214
25.685110966873236
6.907755278982137
10.26016249647486
17.245107414148126
8.679712120914012
14.277546017560832
16.369124405762065
12.206072645530174
15.424948470398375
16.548878567050775
18.238359187158412
13.866803852351824
19.36228928381081
15.376158306228943
19.624653548278303
16.212406330429562
20.94640938826062
11.176453228349015
20.135479172044292
10.770988120240851
12.940041820610373
10.381523353479128
7.505592279737757
16.12814598681182
15.400255857808002
14.930252228562267
10.126631103850338
18.643824295266576
6.907755278982137
12.562747589468906
18.7491848109244
16.87311823523635
17.322068455284256
10.319002996497794
12.206072645530174
14.48885511122804
12.311433161188
16.596131451901318
12.429216196844383
22.33270374938051
15.952581212480746
17.832894079050245
21.108928317758394
11.330603908176274
19.11382792451231
10.557414019942792
18.7773556878911
14.837161805496255
10.770988120240851
12.785891140783116
10.319002996497794
11.281813744006842
14.293546358907275
10.770988120240851
12.206072645530174
21.267993012388082
17.034386382832476
15.85573138649083
15.519259149869615
20.192637585884242
11.78736231067199
13.667090552846
13.72020037815995
20.627955657142085
12.206072645530174
9.210340371976182
12.206072645530174
19.890356714011308
11.512925464970229
17.816364777099036
12.206072645530174
19.624653548278303
15.978333708583161
13.018453914013817
14.508657738524219
11.826267284202586
9.210340371976182
6.907755278982137
15.01948336229021
18.514991423423606
13.073573213234896
12.940041820610373
14.73180128983843
18.735391488792065
16.34123920227253
14.431696697388091
12.441794979051243
12.53457671250221
21.154048753038865
13.261625444737836
6.907755278982137
12.110762465725848
20.98463060108082
28.680843240427226
11.37316352259507
10.637456727616328
12.206072645530174
14.625191554780171
15.33419410712991
14.026231589279927
26.53240882726044
11.227746522736567
11.618285980628055
11.995001675450233
11.564218759357779
14.954944841152638
11.512925464970229
9.210340371976182
19.56011502714073
21.69084986320812
21.321102837702032
9.210340371976182
19.470502868451042
13.41004544985611
11.483366662728685
11.176453228349015
12.454534004828673
12.206072645530174
20.317800728838247
21.83192846146802
15.502910011868087
12.206072645530174
15.810610951210359
10.770988120240851
19.288181311657087
12.38042603267495
20.627955657142085
19.19720953345136
13.72020037815995
15.686313234532783
12.429216196844383
18.821158310549492
15.84046391436004
7.751725349276666
16.90775373189911
14.73180128983843
10.770988120240851
12.206072645530174
11.82763620980993
12.206072645530174
14.757119097822718
14.326336181730264
11.250561200502737
10.596634733096073
11.72364649628588
10.4482147279778
20.885784766444186
15.654361634726179
12.822258784953991
14.659480628258803
16.6123919727731
14.076875322098681
12.206072645530174
13.9208710736221
18.46150273847262
18.420680743952367
12.267948049248261
19.767754391918974
19.69364641976525
11.322305105361579
11.055500617931353
6.907755278982137
15.58746739989615
14.043666651102027
22.383997043768062
15.810610951210359
17.11234792430219
20.885784766444186
12.147803737406198
14.933305666049158
9.596002852788168
16.75297392339429
11.990961265913228
12.891251656440943
19.018517744707985
11.176453228349015
15.01948336229021
13.345506928718539
11.176453228349015
12.145918722710427
17.167917775457
12.429216196844383
12.454534004828673
10.637456727616328
17.295751146966882
13.227723893062155
18.158316479484874
17.832894079050245
20.72326583694641
12.98260143502917
13.284882306902103
10.819778284410283
11.068239643708782
22.07033948491302
12.174573978470802
13.898892166903325
18.643824295266576
20.192637585884242
16.596131451901318
17.778826857779972
20.874088726680995
19.730014063936128
14.60958365711418
6.907755278982137
14.246293474056728
12.206072645530174
13.443947001531791
10.26016249647486
8.512205649905198
18.420680743952367
18.420680743952367
9.115030192171858
8.831903936255937
16.268918540692905
14.659480628258803
19.018517744707985
15.85573138649083
23.942141661814613
11.483366662728685
12.429216196844383
14.395329053217216
11.88398914636106
16.548878567050775
6.907755278982137
14.293546358907275
15.424948470398375
13.112413046551161
17.95067711470663
23.536676553706446
19.624653548278303
16.212406330429562
16.191742191126618
20.030118656386467
26.021583203494448
15.424948470398375
11.250561200502737
13.479038321343062
16.96206572125285
18.08420850733115
12.206072645530174
12.206072645530174
9.864266839382847
21.377192304353073
9.808177372731803
15.440062108208423
19.07460721135903
11.107460356862065
14.413347558719895
17.890052492890195
12.267948049248261
11.176453228349015
16.11809565095832
21.35814410938238
20.192637585884242
15.32963829059405
12.429216196844383
12.206072645530174
24.740649358032382
21.590766404651134
19.806975105072254
10.92513880006811
12.716898269296165
12.859999112936837
12.429216196844383
11.250561200502737
16.64572839304069
17.95067711470663
12.206072645530174
13.178933728892723
17.355970006959936
16.11809565095832
16.474770594897052
24.229823734266393
18.420680743952367
7.728735831051967
18.343719702816237
10.770988120240851
11.736069016284437
14.293546358907275
13.284882306902103
20.030118656386467
24.452967285580602
11.78736231067199
16.223456166616145
12.621588089491839
18.420680743952367
13.07119509082993
19.33697147582652
18.80634322476435
13.479038321343062
12.98260143502917
6.907755278982137
6.907755278982137
15.781623414337107
11.81403055775415
12.716898269296165
9.210340371976182
17.545212006598465
12.531802785619485
15.85573138649083
16.11809565095832
14.809762831308142
19.41493301729623
15.298315819465008
8.709565084063694
16.64572839304069
20.46090157247892
7.250245587928913
15.935774094164366
13.825560893817775
13.954772625297782
18.656403077473435
9.220390707829685
14.431696697388091
11.913403031567354
12.356895535264757
13.815510557964274
21.71751811029028
19.33697147582652
21.416413017506358
18.931506367718356
15.5303089860562
14.924173182485886
13.479038321343062
21.094329518337243
9.903487552536127
19.219188440170136
13.073573213234896
12.206072645530174
11.107460356862065
20.627955657142085
15.01948336229021
14.277546017560832
11.250561200502737
12.716898269296165
15.01948336229021
11.952982017848012
14.277546017560832
20.627955657142085
12.206072645530174
10.289150033348113
13.027053197600004
6.907755278982137
19.981328492217035
10.4482147279778
19.658555099953983
15.01948336229021
12.859999112936837
13.17365667179188
14.549479733044475
12.429216196844383
14.326336181730264
9.210340371976182
10.596634733096073
16.022785471153995
21.894448818449355
13.649996119486701
8.314252347419547
10.289150033348113
8.031685375634536
15.476241764785925
14.837161805496255
10.770988120240851
17.545212006598465
11.86960040890896
11.81403055775415
18.158316479484874
17.890052492890195
14.309806879779053
13.943343929474159
21.416413017506358
18.526041259610192
13.761022372680204
12.636855561622628
15.285186528023216
14.20117303877626
9.433483923290392
12.206072645530174
12.940041820610373
12.785891140783116
23.7189981105004
12.429216196844383
12.0405582070526
18.46150273847262
12.859999112936837
14.48885511122804
15.01948336229021
18.669142103250866
11.250561200502737
20.030118656386467
11.88398914636106
19.499490405324295
23.131211445598282
19.767754391918974
14.172185501903007
12.206072645530174
13.87738596168236
15.476241764785925
12.220171569909676
13.898892166903325
9.028018815182229
20.192637585884242
12.38042603267495
19.981328492217035
18.12057615150203
17.632223383588094
17.034386382832476
12.565608821749938
17.832894079050245
12.98260143502917
12.429216196844383
17.322068455284256
19.847797099592512
12.591735126342158
16.16938894534587
15.424948470398375
16.474770594897052
20.72326583694641
11.974960924566787
13.667090552846
21.01094790939819
17.22675827547993
10.92513880006811
18.334503047711312
19.470502868451042
15.732833250167674
13.122363377404328
26.244726754808656
19.19720953345136
21.01094790939819
18.238359187158412
17.832894079050245
17.257529934146685
16.96206572125285
16.715932651713942
18.514991423423606
12.429216196844383
12.429216196844383
6.214608098422191
11.512925464970229
13.966333447698858
17.72753356339242
17.391061326771208
17.95067711470663
21.303084332199354
12.206072645530174
15.124843877948036
13.633189001170319
6.214608098422191
12.206072645530174
11.220255851007408
11.974960924566787
12.206072645530174
12.750799820971846
19.154649919032565
13.236092142732671
14.59203934746327
19.11382792451231
10.819778284410283
11.281020407987446
18.0152156358442
9.210340371976182
19.890356714011308
9.210340371976182
14.038654109278484
11.774290229104636
15.361973671236987
16.518573217555446
17.545212006598465
17.22675827547993
17.778826857779972
13.633189001170319
10.4482147279778
21.639556568820566
20.627955657142085
15.24262691360442
16.87311823523635
15.617320363045831
9.210340371976182
17.678743399222988
12.429216196844383
10.770988120240851
12.311433161188
11.928440908931893
12.429216196844383
21.590766404651134
16.69791414621126
11.330603908176274
13.871023267894532
17.58777162101726
22.43806426503834
14.98669353946722
13.17365667179188
12.454534004828673
23.917449049224242
6.907755278982137
17.632223383588094
14.309806879779053
22.763486665472964
20.46090157247892
14.51870807437772
25.328436022934504
20.774559131333962
19.981328492217035
18.682045508086773
11.347411026492654
18.420680743952367
17.545212006598465
12.429216196844383
12.767490055412225
14.570533142242306
15.424948470398375
21.416413017506358
14.326336181730264
15.935774094164366
11.663748354704811
15.781623414337107
12.311433161188
19.806975105072254
15.648092021712584
16.280614580456096
14.096548087697386
18.238359187158412
13.479038321343062
12.940041820610373
12.206072645530174
17.832894079050245
17.1397468984903
16.811242831518264
11.512925464970229
11.258283246596648
12.206072645530174
12.206072645530174
12.750799820971846
19.847797099592512
10.289150033348113
14.508657738524219
15.476241764785925
16.916603347176093
17.22675827547993
12.206072645530174
11.699255043161722
10.519673691959945
17.778826857779972
11.512925464970229
21.416413017506358
11.107460356862065
20.3867936003252
16.179971054676408
19.219188440170136
12.206072645530174
12.333906017040059
15.162584205930884
26.937873935368604
21.234091460712403
21.416413017506358
11.990961265913228
13.073573213234896
15.911081481573994
17.289278632461265
11.652187532303737
15.465770464918629
12.206072645530174
13.649996119486701
19.981328492217035
19.11382792451231
17.832894079050245
19.33697147582652
17.42742897094208
17.632223383588094
11.512925464970229
12.716898269296165
24.922970914826337
19.442331991484348
13.72020037815995
9.588676812696095
12.02375108873622
14.413347558719895
23.131211445598282
14.089947403666034
10.519673691959945
12.429216196844383
13.17365667179188
8.220799178362435
14.431696697388091
23.025850929940457
18.0152156358442
16.474770594897052
12.206072645530174
16.280614580456096
10.770988120240851
19.470502868451042
18.931506367718356
13.633189001170319
21.267993012388082
15.803284911118286
19.767754391918974
16.280614580456096
12.429216196844383
10.770988120240851
15.89495209964411
12.429216196844383
22.495222678878285
15.361973671236987
12.485786548332777
15.927475291349669
23.131211445598282
12.429216196844383
9.905689976091328
14.508657738524219
11.523986412329654
21.69084986320812
12.621588089491839
17.778826857779972
15.143536010960188
16.280614580456096
19.624653548278303
15.05338491396589
15.832916708724657
14.537057213045918
15.85573138649083
11.761386824268728
20.97172719624491
16.620622471909616
16.64572839304069
12.454534004828673
12.822258784953991
16.11809565095832
19.31227886323615
9.498022444427964
18.791744425343197
15.01948336229021
9.315700887634009
9.210340371976182
12.206072645530174
18.158316479484874
12.98260143502917
14.431696697388091
18.0152156358442
8.078938260485081
9.269029368324862
12.859999112936837
20.46090157247892
9.210340371976182
12.429216196844383
18.135501801718704
14.954944841152638
10.982297213908058
20.627955657142085
14.089947403666034
15.24262691360442
12.206072645530174
21.138781280908077
15.987067388551916
10.596634733096073
19.56011502714073
24.797807771872332
12.852336240191269
7.706262975199909
13.122363377404328
12.429216196844383
11.512925464970229
18.643824295266576
15.01948336229021
11.01822922313412
12.206072645530174
12.822258784953991
12.206072645530174
12.454534004828673
13.122363377404328
11.250561200502737
9.433483923290392
14.837161805496255
23.368341238887233
12.785891140783116
12.785891140783116
11.629459281226179
16.62892127472431
19.624653548278303
12.404523584254012
14.924173182485886
12.507177738314095
10.596634733096073
10.596634733096073
12.370947288720407
11.943708381062683
12.206072645530174
15.85573138649083
12.429216196844383
18.643824295266576
26.021583203494448
21.56723590724094
20.08668900787486
10.596634733096073
19.19720953345136
21.521773533164183
19.624653548278303
13.633189001170319
15.285186528023216
6.907755278982137
8.87386813535497
17.545212006598465
12.750799820971846
11.4359644238341
13.898892166903325
22.43806426503834
21.77308796144509
16.022785471153995
15.5303089860562
12.02375108873622
12.429216196844383
19.31227886323615
19.11382792451231
20.030118656386467
17.322068455284256
18.643824295266576
6.907755278982137
16.93907620302815
24.04750217747244
12.684108446473173
15.410059857904624
20.265840989907534
18.631401775268017
7.706262975199909
14.14401462493631
13.810523016453235
13.633189001170319
11.943708381062683
11.855415773917004
7.600902459542082
13.284882306902103
14.243221275019758
15.05338491396589
10.770988120240851
10.680016342035124
12.636855561622628
13.073573213234896
20.540944280152456
15.32963829059405
16.811242831518264
14.81790398889184
12.206072645530174
13.284882306902103
12.53457671250221
14.894320219336205
18.158316479484874
22.620385821832294
15.139769528164711
14.78309458422598
14.98669353946722
18.08420850733115
26.53240882726044
11.512925464970229
11.748647798491298
19.31227886323615
10.860600278930539
10.41431317630212
21.639556568820566
9.210340371976182
12.02375108873622
18.882716203548924
21.639556568820566
15.492157220091824
10.724468104605958
11.512925464970229
9.903487552536127
19.11382792451231
21.639556568820566
12.441794979051243
20.540944280152456
19.13403063182983
15.376158306228943
15.935774094164366
12.434228738667928
15.01948336229021
14.98669353946722
18.571503633686948
14.59203934746327
16.831445538835784
13.122363377404328
13.938808774308768
9.959000262466386
9.903487552536127
13.815510557964274
16.353817984479388
25.328436022934504
13.60039917834733
10.038162455862729
11.512925464970229
21.71751811029028
15.01948336229021
12.940041820610373
19.948538669394043
14.508657738524219
11.974960924566787
27.225556007820384
13.815510557964274
13.122363377404328
12.429216196844383
11.974960924566787
8.88825687280707
12.38042603267495
22.150382192586555
22.555847300694722
20.94891251847874
17.545212006598465
15.405145843102195
15.481518821886768
9.210340371976182
9.210340371976182
13.568650480032748
14.275959974405199
15.151111804768647
22.150382192586555
16.68021456911186
12.429216196844383
10.770988120240851
17.50439001207821
14.186574239355107
9.567015315914915
14.508657738524219
7.52951246345541
20.540944280152456
13.72020037815995
9.845218644412153
18.32537056414804
23.89335149764518
14.683011125668997
19.055559016388337
19.07460721135903
20.317800728838247
14.954944841152638
12.287282700955718
19.36228928381081
20.135479172044292
13.345506928718539
20.030118656386467
13.17365667179188
15.611278048589869
23.942141661814613
10.982297213908058
11.250561200502737
9.210340371976182
12.206072645530174
12.429216196844383
9.210340371976182
10.724468104605958
12.206072645530174
18.931506367718356
21.927238641272346
18.0152156358442
19.69364641976525
14.549479733044475
9.788374745435624
15.424948470398375
12.206072645530174
20.317800728838247
10.319002996497794
17.22675827547993
14.215988124561399
21.154048753038865
10.770988120240851
12.206072645530174
12.29818793443798
15.781623414337107
11.11818432022504
6.907755278982137
9.210340371976182
11.454656556846253
16.09829302366214
11.227746522736567
13.9208710736221
10.257309427492453
14.73180128983843
23.89335149764518
18.0152156358442
19.56011502714073
12.206072645530174
17.196905312330248
12.435989081131812
19.658555099953983
14.7910206494984
11.227746522736567
14.277546017560832
7.74016452687559
20.94640938826062
16.11809565095832
26.937873935368604
12.429216196844383
18.08420850733115
16.11809565095832
12.859999112936837
9.210340371976182
13.41004544985611
14.101860185182277
15.712630542850155
13.284882306902103
6.907755278982137
17.257529934146685
12.147803737406198
10.359193877081038
18.643824295266576
13.027053197600004
10.770988120240851
15.944142343834882
17.42742897094208
21.639556568820566
13.41004544985611
16.328816682273974
18.682045508086773
17.0096937702421
15.424948470398375
11.974960924566787
13.633189001170319
14.837161805496255
16.96206572125285
12.859999112936837
18.55994281128587
14.326336181730264
14.246293474056728
20.94640938826062
16.87311823523635
13.073573213234896
18.420680743952367
17.95067711470663
17.890052492890195
16.013735635634077
10.770988120240851
15.935774094164366
18.96540791939404
14.038654109278484
11.78473418826572
20.253262207700676
24.298816605753345
10.077840939680906
16.11809565095832
13.815510557964274
23.89335149764518
11.141361908537746
12.887291255224845
16.11809565095832
12.206072645530174
19.442331991484348
15.58746739989615
15.58746739989615
10.770988120240851
13.345506928718539
19.529343368473977
16.11809565095832
8.650724584040761
12.429216196844383
11.107460356862065
12.961095229808206
20.627955657142085
24.10466059131239
15.088476233777161
22.689378693319245
9.903487552536127
8.709565084063694
12.206072645530174
12.429216196844383
15.285186528023216
12.480509491231935
17.95067711470663
22.689378693319245
15.162584205930884
17.1397468984903
7.6396432878585125
20.317800728838247
6.907755278982137
13.17365667179188
10.4482147279778
10.819778284410283
13.989863945109052
17.890052492890195
15.460575648041525
21.02437092973033
12.429216196844383
19.38826477021407
18.821158310549492
21.416413017506358
18.7773556878911
21.521773533164183
18.83619618791403
16.772022118364983
12.206072645530174
9.903487552536127
22.555847300694722
10.819778284410283
12.38042603267495
12.429216196844383
12.429216196844383
11.512925464970229
22.192941807005354
15.32963829059405
20.192637585884242
12.480509491231935
12.785891140783116
16.93907620302815
19.890356714011308
17.179412154882733
18.898716544895365
23.025850929940457
16.022785471153995
21.639556568820566
20.030118656386467
10.92513880006811
19.19720953345136
12.208074648200848
17.085679677220025
15.944142343834882
12.780193119668478
22.555847300694722
12.973943372286055
21.639556568820566
21.74491708447839
16.11809565095832
25.328436022934504
19.93480847658214
13.319595546934037
12.429216196844383
15.376158306228943
19.591863725455312
12.206072645530174
15.803284911118286
10.770988120240851
14.837161805496255
12.454534004828673
23.38252587387919
14.865332682462952
19.31227886323615
13.122363377404328
12.206072645530174
17.034386382832476
13.633189001170319
19.591863725455312
17.11234792430219
14.23102600192594
19.442331991484348
12.206072645530174
15.424948470398375
12.429216196844383
17.50439001207821
11.779498574211773
13.122363377404328
8.668016081150821
15.593367122023338
12.454534004828673
12.267948049248261
12.750799820971846
19.624653548278303
14.469437025370938
13.479038321343062
11.042921835724492
20.192637585884242
12.652359748158593
17.391061326771208
12.684108446473173
10.770988120240851
10.20459264532005
11.364505459851955
18.54851411546225
13.30268693153561
10.770988120240851
12.562747589468906
12.98260143502917
21.996231512759298
12.883346476933829
15.285186528023216
20.540944280152456
9.567015315914915
19.38826477021407
12.166851932376892
17.332118791137756
15.285186528023216
7.1308988302963465
13.386980176925114
12.53457671250221
10.26016249647486
10.770988120240851
20.253262207700676
13.9208710736221
15.002954060338999
23.942141661814613
15.712630542850155
15.32963829059405
12.206072645530174
8.87386813535497
11.042921835724492
10.770988120240851
12.454534004828673
13.41004544985611
11.250561200502737
17.034386382832476
16.12814598681182
16.503758131770304
11.33897215784679
11.913403031567354
18.6227969280745
12.02375108873622
11.913403031567354
20.253262207700676
12.206072645530174
17.257529934146685
17.95067711470663
17.22675827547993
16.379460415092726
24.740649358032382
14.865332682462952
21.894448818449355
17.890052492890195
16.446599717930354
10.391247903371122
12.89921982609012
12.98260143502917
18.7773556878911
19.442331991484348
12.206072645530174
20.82862635260424
17.72753356339242
12.206072645530174
14.116615650748196
12.429216196844383
11.748647798491298
11.176453228349015
9.845218644412153
21.664874376804857
12.206072645530174
15.476241764785925
14.186574239355107
11.417615285165903
11.266065387038703
13.72020037815995
20.806647445885464
20.72326583694641
21.862700120134775
8.314252347419547
13.954772625297782
21.416413017506358
26.40724568430643
16.772022118364983
13.898892166903325
8.454218392254848
11.943708381062683
15.85573138649083
17.257529934146685
10.770988120240851
22.33270374938051
17.832894079050245
17.1397468984903
11.227746522736567
11.399596779663225
11.72364649628588
7.824046010856292
17.059704190816763
13.122363377404328
18.32537056414804
17.632223383588094
15.124843877948036
6.907755278982137
15.89495209964411
10.770988120240851
15.124843877948036
10.596634733096073
12.206072645530174
21.56723590724094
7.706262975199909
16.06930548678889
6.907755278982137
20.664996928822436
6.907755278982137
15.712630542850155
19.33697147582652
15.712630542850155
18.056037630364457
20.192637585884242
15.781623414337107
6.475972862556599
20.627955657142085
11.940636182025713
20.72326583694641
9.210340371976182
9.028018815182229
12.429216196844383
12.89921982609012
17.46516929892493
9.210340371976182
15.935774094164366
9.552830680922959
6.907755278982137
11.565271945342438
21.639556568820566
13.835713265281793
21.521773533164183
13.845969765448983
19.11382792451231
16.11809565095832
10.770988120240851
9.088122739251933
12.98260143502917
6.907755278982137
16.190666343793154
12.206072645530174
13.825560893817775
6.907755278982137
17.322068455284256
15.935774094164366
9.210340371976182
11.250561200502737
12.02375108873622
13.633189001170319
23.248994481254666
16.022785471153995
15.781623414337107
13.284882306902103
23.942141661814613
17.196905312330248
15.01948336229021
9.210340371976182
8.294049640102028
13.279017187449705
19.93480847658214
12.206072645530174
13.815510557964274
12.429216196844383
13.815510557964274
11.687278852115005
18.158316479484874
10.770988120240851
21.54424638901624
11.800607537422009
12.333906017040059
21.521773533164183
13.227723893062155
10.770988120240851
17.289278632461265
14.98669353946722
11.774290229104636
19.07460721135903
14.38644010579997
15.01948336229021
23.942141661814613
15.648092021712584
17.832894079050245
17.059704190816763
11.107460356862065
19.890356714011308
18.420680743952367
13.815510557964274
21.079940780885142
16.831445538835784
12.206072645530174
18.482556147670454
9.826526511399999
16.13829835827584
15.24262691360442
15.781623414337107
7.1308988302963465
16.11809565095832
16.07887493780504
16.36655701025682
16.316546589682158
18.32537056414804
18.7773556878911
13.72020037815995
15.85573138649083
14.00788245061173
18.7491848109244
22.763486665472964
21.639556568820566
7.706262975199909
21.639556568820566
14.063971917262773
10.680016342035124
17.42742897094208
18.931506367718356
11.16629075592591
18.143049007354087
13.227723893062155
8.492500578825865
